waggle(27), 57,2,-28,56,-4,-23,58,6,-7,60,25,10,58,30,17,57,42,26,59,27,36,58,-4,21,56,-6,4,58,11,7,58,29,16,58,26,21,58,24,19,58,26,17,57,42,26,59,26,36,59,-1,16,56,-4,-7,56,4,-2,58,22,10,59,35,47,58,6,43,55,-4,0,55,0,-20,56,4,-25,56,5,-29,56,5,-31
waggle(26), 56,-3,-26,57,6,-7,60,29,9,59,40,12,58,44,33,58,21,38,55,-7,6,56,-6,-6,57,11,-2,58,24,8,59,24,17,60,22,14,60,20,13,59,38,25,60,22,37,58,-7,16,56,-5,-5,57,5,-4,58,23,6,59,46,21,60,28,42,59,-2,29,55,-1,-7,55,0,-21,56,4,-31,56,3,-32
waggle(24), 56,-1,-30,57,0,-11,59,21,7,59,35,10,58,44,30,59,24,38,56,-2,-3,59,14,2,59,25,9,59,21,16,59,22,14,59,37,26,61,22,34,58,-3,10,58,0,-3,59,11,-3,58,22,3,59,39,27,61,20,39,59,-7,14,56,-2,-14,56,0,-23,56,4,-28,56,4,-30
waggle(23), 55,0,-31,57,0,-11,59,21,2,57,36,5,57,47,25,59,30,32,57,-1,11,54,0,-6,57,11,-7,59,24,1,58,37,12,59,39,24,60,15,24,57,-5,-2,54,-5,-17,57,7,-12,61,40,13,62,21,28,59,-5,12,55,-3,-15,56,-3,-25,56,1,-28,57,2,-30
waggle(21), 61,18,9,62,32,12,63,23,28,60,-1,22,55,-6,-7,56,-3,-11,60,10,-3,61,31,7,63,32,34,61,6,30,57,-6,-3,55,-3,-20,54,-2,-26,58,5,-11,60,23,2,61,41,15,62,23,22,59,-3,6,55,-3,-6,58,10,-2,60,21,5
waggle(22), 58,21,16,58,34,16,61,35,32,59,10,29,52,-6,-6,54,3,-15,60,18,-5,58,23,5,61,23,35,59,-3,11,56,0,-16,55,1,-25,54,0,-23,56,9,-8,59,28,5,60,47,12,61,37,28,59,3,25,54,-4,2,56,10,-3,59,20,6,58,23,14
waggle(23), 62,14,8,62,25,6,64,28,25,61,4,26,55,-12,-8,55,-6,-18,59,4,-13,59,15,-3,62,35,19,62,12,27,58,-14,5,57,-5,-15,57,-6,-21,55,-9,-24,57,-2,-15,60,14,-5,61,27,1,62,40,20,56,-19,11,54,-8,-11,59,5,-8,60,9,1,59,15,8
waggle(22), 60,18,11,61,32,13,63,23,32,59,-5,23,52,-11,-14,53,-5,-21,57,8,-12,58,19,-1,60,39,13,62,23,23,59,-4,10,54,-5,-24,53,-5,-26,56,3,-19,60,18,-6,61,37,5,62,33,21,60,1,19,55,-10,-4,57,0,-11,61,13,-3,60,20,3
waggle(25), 60,19,13,60,28,13,62,33,26,61,7,26,54,-11,-3,54,2,-12,59,17,-5,59,23,0,61,40,16,61,18,28,57,-10,5,55,1,-20,53,0,-27,52,-2,-28,53,5,-17,58,23,-1,60,35,10,61,38,26,60,11,24,52,-6,-6,52,9,-18,58,20,-7,60,21,1,60,17,5,60,18,13
waggle(22), 61,16,8,62,29,11,63,20,25,60,-8,17,54,-8,-19,62,6,-6,62,17,4,63,30,20,62,12,21,58,-8,-4,57,-1,-20,55,-4,-24,55,-5,-18,59,7,-4,62,23,3,63,37,11,63,18,20,57,-13,4,54,-2,-15,57,9,-12,60,9,-3,61,15,3
waggle(20), 61,12,6,63,20,14,63,3,16,59,-14,4,58,-4,-8,61,-5,-13,63,-1,-8,66,10,2,64,0,2,61,-7,-13,60,-8,-17,57,-10,-17,58,-5,-10,63,7,-1,67,18,5,68,3,8,60,-10,-4,58,-1,-15,63,2,-7,63,2,-4
waggle(21), 63,8,6,66,19,15,65,1,21,57,-18,-1,53,-3,-17,58,-1,-10,62,3,0,66,24,5,62,0,0,59,2,-17,57,0,-22,54,-4,-23,56,-1,-13,62,14,2,65,28,7,66,26,12,64,0,8,55,-4,-7,54,7,-12,62,9,-3,63,14,5
waggle(21), 64,5,-12,65,-1,-11,58,-13,-20,50,-17,-32,50,-11,-29,62,23,-2,62,9,11,59,-12,1,58,-10,-19,56,-12,-25,55,-13,-23,54,-6,-18,59,12,-4,66,29,18,63,4,18,52,-25,-11,51,-17,-22,54,-4,-9,57,3,3,61,6,12,63,14,12
waggle(23), 62,15,10,64,25,15,64,13,24,59,-13,10,51,-17,-19,56,6,-2,60,27,13,62,27,32,59,2,22,55,-11,-12,54,-6,-24,53,-6,-27,55,0,-14,59,16,3,60,33,11,62,40,30,61,9,32,53,-17,0,53,-6,-13,58,7,2,59,15,12,59,18,14,60,19,12
waggle(23), 60,16,11,60,25,10,64,6,24,52,-13,-11,52,-4,-19,58,9,-4,60,25,7,63,35,28,60,9,28,54,-13,-3,54,-5,-21,53,-6,-25,54,-2,-13,59,15,2,60,33,11,62,41,27,61,7,30,51,-19,-1,50,-1,-18,58,13,-5,60,15,6,59,17,10,59,20,12
waggle(23), 60,18,11,64,34,18,64,17,26,53,-14,4,46,-9,-19,51,2,-12,58,10,1,62,27,15,65,14,31,60,-10,15,56,-5,-17,56,-2,-24,53,-3,-24,55,5,-13,59,19,3,62,37,17,63,34,33,59,-4,24,53,-11,-2,55,7,-6,59,11,3,60,15,9,60,17,9
waggle(24), 60,17,11,61,31,13,65,20,31,59,-5,17,50,-4,-16,54,0,-13,59,14,-1,59,35,8,62,37,26,60,8,19,55,-8,-11,54,-4,-24,53,-2,-28,52,-5,-24,55,8,-8,59,29,8,62,44,20,63,26,32,57,-11,14,51,-6,-10,55,12,-6,59,14,5,59,18,13,59,20,12
waggle(24), 59,21,12,60,36,14,62,29,34,58,-3,21,51,-7,-11,56,0,-13,60,9,-4,62,31,11,62,20,28,60,-3,15,57,-1,-13,57,0,-21,55,-4,-24,56,1,-11,60,19,6,61,29,10,62,41,21,62,18,31,56,-12,12,55,1,-3,59,17,6,60,20,12,59,17,15,61,18,15
waggle(23), 59,20,12,63,38,25,62,15,33,53,-12,6,51,3,-15,56,11,-10,60,17,1,60,35,12,61,33,32,59,4,20,55,-6,-12,55,-1,-22,54,-2,-25,54,2,-15,59,19,2,60,28,11,60,37,20,61,21,26,54,2,-8,59,17,-2,62,17,7,60,15,10,59,16,11
waggle(14), 60,17,13,61,30,17,63,19,26,60,-2,10,53,-3,-19,53,-4,-20,59,7,-2,60,21,7,61,30,16,60,15,15,58,-1,-5,57,5,-19,56,4,-25,54,1,-21
waggle(22), 61,14,13,61,25,16,64,21,30,61,-4,22,53,-5,-14,59,9,4,61,24,11,64,30,25,62,8,22,57,-9,-4,55,-2,-21,54,-2,-26,53,-2,-19,56,10,-6,61,24,4,64,37,15,64,27,27,57,-8,10,52,-5,-13,58,7,-10,60,2,0,59,10,8
waggle(26), 60,15,13,62,30,18,58,-8,12,51,-6,-22,52,-8,-22,58,3,1,60,14,15,60,28,16,64,35,31,61,7,25,56,-10,-3,56,-4,-19,56,0,-24,55,-4,-24,55,-1,-12,60,20,7,61,26,16,59,32,18,61,35,31,60,5,25,55,-14,-2,54,-3,-9,59,15,-2,61,17,8,60,15,12,60,16,14
waggle(26), 60,21,14,62,30,19,62,16,20,57,-3,0,51,1,-16,55,7,-8,60,15,7,60,24,13,62,36,22,62,15,27,58,-5,3,55,3,-19,54,4,-25,53,2,-26,54,4,-14,59,19,-1,62,32,4,62,40,15,61,25,19,57,-1,4,53,-8,-13,53,1,-14,59,13,0,61,16,13,61,15,14,61,15,13
